"Harris_1788A.rtf" "Harris_1793.rtf" "MissBetsyClrke_1788.rtf" "MissBetsyHdsn_1788.rtf" "MissBlke_1788.rtf" "MissBnd_1788.rtf" "MissBrn_1788.rtf" "MissBrwn_1788.rtf" "MissClnton_1788.rtf" "MissDglss_1788.rtf" "MissDvnprt_1788.rtf" "MissGrge_1788.rtf" "MissGrn_1788.rtf" "MissHarrietJns_1788.rtf" "MissHllnd_1788.rtf" "MissHrdy_1788.rtf" "MissJnsn_1788.rtf" "MissKn_1788.rtf" "MissLcs_1788.rtf" "MissLnsy_1788.rtf" "MissLstr_1788.rtf" "MissLvr_1788.rtf" "MissMntn_1788.rtf" "MissRchrdsn_1788.rtf" "MissTrbt_1788.rtf" "MrsCrsby_1788.rtf" "MrsDd_1788.rtf" "MrsDfld_1788.rtf" "MrsHrvy_1788.rtf"
"she is" 0.633769132653061 0.747467259698542 0.829875518672199 0.278551532033426 0.436681222707424 0.643086816720257 0.671140939597315 0.884955752212389 1.36054421768707 2.29007633587786 0.509337860780985 0.772200772200772 0.754716981132076 0.303951367781155 1.19047619047619 0.657894736842105 0.632911392405063 0.671140939597315 1.68539325842697 1.32450331125828 0 0 0.33112582781457 1.21951219512195 0.65359477124183 0.382409177820268 0.448430493273543 0.520833333333333 0
"of the" 0.60188137755102 0.555967383246849 0 0.278551532033426 0.873362445414847 0.643086816720257 0.671140939597315 0.442477876106195 0.680272108843537 1.52671755725191 0.848896434634975 0.772200772200772 0.377358490566038 0 0 0.657894736842105 0 0.671140939597315 0 0.662251655629139 0.259067357512953 0.584795321637427 0.33112582781457 0 1.30718954248366 0.573613766730402 0.896860986547085 0.260416666666667 0.220264317180617
"in the" 0.438456632653061 0.506548060291574 0.829875518672199 0.278551532033426 0.218340611353712 0.321543408360129 2.01342281879195 0.884955752212389 0 0.763358778625954 0.33955857385399 0 0.377358490566038 0.303951367781155 0 0 1.26582278481013 0.671140939597315 0 1.32450331125828 0.77720207253886 0 0 0 0 0.573613766730402 0.896860986547085 0.260416666666667 1.10132158590308
"of her" 0.259088010204082 0.345935260686929 0 0 0 0.964630225080386 0 0.442477876106195 0 0 0.169779286926995 0.386100386100386 0.377358490566038 0 0.595238095238095 0 0 0.671140939597315 0.561797752808989 0 0.259067357512953 0 0 0 0 0.191204588910134 0 0.260416666666667 0
"to the" 0.227200255102041 0.3274030145787 0.4149377593361 0 0.655021834061135 0.643086816720257 0 0 0 0.763358778625954 0 0 0.754716981132076 0.60790273556231 0.595238095238095 0.657894736842105 0 0.335570469798658 0 0 0 0 0.33112582781457 0 0 0.573613766730402 0.448430493273543 0.520833333333333 0
"she has" 0.239158163265306 0.271806276254015 0.4149377593361 0 0.436681222707424 0 0 0 0.680272108843537 0.763358778625954 0.33955857385399 0.386100386100386 0 0 0 0.657894736842105 0.632911392405063 0.335570469798658 0 0 0 0 0.33112582781457 0 0 0 0 0.520833333333333 0.220264317180617
"to be" 0.215242346938776 0.308870768470472 0 0.278551532033426 0.218340611353712 0 0 0 0 0 0.169779286926995 0 0.377358490566038 0 0 0 0 0.335570469798658 0 0 0 1.16959064327485 0 0 0 0.382409177820268 0 0 0.220264317180617
"with a" 0.159438775510204 0.33358042994811 0.4149377593361 0.557103064066852 0 0 0 0.442477876106195 0 0 0 0.772200772200772 0 0 0 0 0 0.335570469798658 0.561797752808989 0 0 0 0 0.609756097560976 0 0.382409177820268 0.224215246636771 0 0
"of a" 0.135522959183673 0.339757845317519 0.4149377593361 0 0.218340611353712 0 0 0 0 0 0 0.386100386100386 0.377358490566038 0 0 0 0 0.335570469798658 0.561797752808989 0 0.259067357512953 0.584795321637427 0 0 0 0 0 0.260416666666667 0.220264317180617
"in her" 0.191326530612245 0.240919199406968 0 0 0.218340611353712 0 0 0.442477876106195 0 0 0.169779286926995 0 0 0 0 0 0.632911392405063 0.671140939597315 0.561797752808989 0 0 0 0 0 0.65359477124183 0.191204588910134 0 0 0
"is a" 0.147480867346939 0.228564368668149 0 0 0 0.321543408360129 0 0 0.680272108843537 1.52671755725191 0 0 0 0 0.595238095238095 0 0.632911392405063 0 0.561797752808989 0 0.259067357512953 0 0 0 0 0.191204588910134 0 0 0
"this lady" 0.0996492346938776 0.240919199406968 0 0 0 0 0 0 0 0 0 0 0 0.303951367781155 0.595238095238095 0.657894736842105 0 0.335570469798658 0 0 0 0 0 0 0.65359477124183 0 0.448430493273543 0.260416666666667 0
"with the" 0.151466836734694 0.129725722757598 0 0 0 0 0 0 1.36054421768707 0 0.33955857385399 0.386100386100386 0 0 0 0 0.632911392405063 0 0.561797752808989 0 0 0 0 0 1.30718954248366 0 0.224215246636771 0.260416666666667 0.440528634361233
"to her" 0.123565051020408 0.21620953792933 0 0 0 0 0 0 0 0 0.169779286926995 0 0 0 0 0 0 0 0 0 0 0.584795321637427 0 0 0 0.382409177820268 0 0 0.220264317180617
"a very" 0.143494897959184 0.160612799604645 0 0 0 0.321543408360129 0 0 0.680272108843537 0.763358778625954 0 0 0 0 0 0 0 0 0 0 0.259067357512953 0 0 0 0 0.382409177820268 0 0.260416666666667 0
"for the" 0.131536989795918 0.148257968865827 0 0 1.09170305676856 0 0 0 0 0 0 0.386100386100386 0 0.303951367781155 0 0 0 0.335570469798658 0 0 0 0 0.33112582781457 0 0 0 0.448430493273543 0 0
"and is" 0.131536989795918 0.148257968865827 0 0 0.218340611353712 0.321543408360129 0.671140939597315 0 0 0.763358778625954 0 0 0.377358490566038 0 0 0 0.632911392405063 0.335570469798658 0 0 0 0 0 0 0 0 0.224215246636771 0.520833333333333 0
"it is" 0.139508928571429 0.123548307388189 0.4149377593361 0 0 0.321543408360129 0 0 0 0 0.33955857385399 0 0.754716981132076 0 0 0 0 0 0 0 0 0 0 0 0 0.191204588910134 0 0.260416666666667 0.220264317180617
"all the" 0.119579081632653 0.11119347664937 0 0.278551532033426 0.218340611353712 0.643086816720257 0.671140939597315 0 0 0.763358778625954 0.169779286926995 0 0 0.303951367781155 0.595238095238095 0 0 0 0 0 0.259067357512953 0 0.33112582781457 0 0 0 0 0.260416666666667 0.220264317180617
"and a" 0.155452806122449 0.0679515690635038 0 0 0 0.321543408360129 0 0 0.680272108843537 0 0 0 0 0.303951367781155 0 0 0 0 0 0 0 0 0 0.609756097560976 0 0.956022944550669 0 0 0.220264317180617
"of love" 0.127551020408163 0.123548307388189 0 0.278551532033426 0.218340611353712 0 0 0 0.680272108843537 0 0 0.386100386100386 0 0 1.19047619047619 0 0 0 0 0 0 0 0 0 0 0.191204588910134 0.224215246636771 0 0
"and the" 0.131536989795918 0.0926612305411416 0 0 0 0 0 0 0 0 0.33955857385399 0.386100386100386 0.377358490566038 0 0 0 0 0.335570469798658 0 0 0.259067357512953 0 0 0 0 0.191204588910134 0.224215246636771 0 0.440528634361233
"and her" 0.155452806122449 0.0741289844329133 0 0 0 0 0 0 0 0 0 0.386100386100386 0 0 0.595238095238095 0 0 0.335570469798658 0 0 0 0 0.662251655629139 0 0.65359477124183 0 0 0 0
"the most" 0.111607142857143 0.10501606127996 0.829875518672199 0.835654596100279 0 0.321543408360129 0 0 0 0 0 0.386100386100386 0 0.303951367781155 0 0 0 0 0 0 0 0 0 0 0.65359477124183 0 0 0 0.66079295154185
"at the" 0.0996492346938776 0.123548307388189 0 0 0 0.321543408360129 0 0 0 0 0 0.386100386100386 0.377358490566038 0.303951367781155 0 0.657894736842105 0 0.335570469798658 0 0 0.518134715025907 0 0.33112582781457 0 0 0 0 0 0
"as she" 0.0996492346938776 0.129725722757598 0 0 0 0 0 0.442477876106195 0 0 0 0.386100386100386 0 0 0 0 0 0 0 0 0 0.584795321637427 0.662251655629139 0 0 0 0 0.520833333333333 0
"with her" 0.103635204081633 0.123548307388189 0 0.278551532033426 0 0 0 0.442477876106195 0 0 0 0 0.377358490566038 0 0 0 0 0 0 0.662251655629139 0 0 0 0 0 0.382409177820268 0 0.260416666666667 0
"is not" 0.0996492346938776 0.11119347664937 0 0.278551532033426 0 0 0 0 0 0 0.169779286926995 0 0 0 0 0 0.632911392405063 0 0 0 0 0 0.33112582781457 0 0 0 0 0 0.220264317180617
"her to" 0.0996492346938776 0.0864838151717321 0 0.278551532033426 0.218340611353712 0 0 0 0 0 0.169779286926995 0 0 0 0 0.657894736842105 0 0 0 0 0 0 0 0 0 0.191204588910134 0 0 0
"she will" 0.0956632653061224 0.098838645910551 0 0 0 0 0 0 0 0 0.169779286926995 0 0 0 0 0 0 0 0 0.662251655629139 0 0 0 0 0 0 0.224215246636771 0.260416666666667 0
"that she" 0.0996492346938776 0.0803063998023227 0 0.278551532033426 0 0 0 0 0 0 0.169779286926995 0 0 0 0 0 0.632911392405063 0 0.561797752808989 0 0 0 0 0 0 0 0 0 0.220264317180617
"on the" 0.079719387755102 0.10501606127996 0.4149377593361 0 0 0 0.671140939597315 0 0 0 0 0 0 0 0 0.657894736842105 0 0 0 0 0 0 0 0.609756097560976 0 0 0 0 0.220264317180617
"is very" 0.0757334183673469 0.10501606127996 0 0 0 0 0 0 0.680272108843537 0 0 0 0 0 0.595238095238095 0 0 0.335570469798658 0 0 0 0 0 0.609756097560976 0.65359477124183 0 0 0 0
"is the" 0.0677614795918367 0.10501606127996 0.4149377593361 0 0 0 0 0 0 0 0.169779286926995 0 0 0.303951367781155 0.595238095238095 0 0 0 1.12359550561798 0 0 0 0 0 0 0 0 0 0
"by the" 0.0996492346938776 0.0432419075858661 0.4149377593361 0 0 0.321543408360129 0 0 1.36054421768707 0 0.169779286926995 0 0 0 0 0 0 0.335570469798658 0 0 0.259067357512953 0 0 0 0 0 0 0 0
"in a" 0.0597895408163265 0.117370892018779 0 0 0 0 0 0 0 0 0.169779286926995 0 0 0 0.595238095238095 0 0 0 0 0 0 0.584795321637427 0 0 0.65359477124183 0 0 0.260416666666667 0
"eyes and" 0.0876913265306122 0.0617741536940944 0 0 0 0 0.671140939597315 0 0.680272108843537 0.763358778625954 0 0 0 0 0 0 0 0 0 0 0 0 0 0 0.65359477124183 0.191204588910134 0 0 0.220264317180617
"her eyes" 0.0677614795918367 0.098838645910551 0 0.278551532033426 0 0.321543408360129 0 0 0 0 0.169779286926995 0 0 0 0 0 0 0 0 0 0 0.584795321637427 0 0 0.65359477124183 0 0 0 0
"for a" 0.0757334183673469 0.055596738324685 0 0 0 0 0 0 0 0 0.169779286926995 0.386100386100386 0 0.303951367781155 0 0 0 0.335570469798658 0 0 0.259067357512953 0 0 0 1.30718954248366 0 0 0 0.220264317180617
"is now" 0.079719387755102 0.055596738324685 0 0 0.218340611353712 0 0 0 0 0 0 0 0 0 0 1.31578947368421 0 0 0 0.662251655629139 0 0 0.33112582781457 0 0 0 0 0.260416666666667 0
"does not" 0.0876913265306122 0.0247096614776378 0 0.557103064066852 0 0.321543408360129 0 0.442477876106195 0 0 0 0 0 0 0 0 0 0 0.561797752808989 0 0 0.584795321637427 0 0 0.65359477124183 0 0 0.260416666666667 0
"fond of" 0.0518176020408163 0.0926612305411416 0 0 0.218340611353712 0 0 0.442477876106195 0.680272108843537 0 0 0 0 0 0 0 0 0 0 0 0 0.584795321637427 0 0 0 0 0 0.260416666666667 0
"has been" 0.0637755102040816 0.0741289844329133 0.4149377593361 0 0 0 0 0 0 0.763358778625954 0.169779286926995 0.386100386100386 0 0 0 0 0 0 0 0 0 0 0 0 0 0 0 0 0.220264317180617
"is of" 0.0637755102040816 0.0617741536940944 0 0 0.218340611353712 0 0.671140939597315 0 0 0.763358778625954 0 0.386100386100386 0 0 0 0 0 0.335570469798658 0 0 0 0 0.33112582781457 0 0 0 0 0 0
"and has" 0.0637755102040816 0.0617741536940944 0 0 0 0 0 0.442477876106195 0 0 0 0 0 0 0 0 0 0 0 0.662251655629139 0.259067357512953 0 0 0 0.65359477124183 0 0 0.260416666666667 0
"and as" 0.0637755102040816 0.0247096614776378 0 0 0 0.321543408360129 0 0 0.680272108843537 0 0 0.386100386100386 0 0 0 0 0 0 0 0 0 0.584795321637427 0.662251655629139 0.609756097560976 0 0 0.224215246636771 0.520833333333333 0
"green blue" 0.0039859693877551 0.0123548307388189 0.4149377593361 0.278551532033426 0.218340611353712 0.321543408360129 0.671140939597315 0.442477876106195 0.680272108843537 0.763358778625954 0.169779286926995 0.386100386100386 0.377358490566038 0.303951367781155 0.595238095238095 0.657894736842105 0.632911392405063 0.335570469798658 0.561797752808989 0.662251655629139 0.259067357512953 0.584795321637427 0.33112582781457 0.609756097560976 0.65359477124183 0.191204588910134 0.224215246636771 0.260416666666667 0.220264317180617
"red green" 0.0039859693877551 0.0123548307388189 0.4149377593361 0.278551532033426 0.218340611353712 0.321543408360129 0.671140939597315 0.442477876106195 0.680272108843537 0.763358778625954 0.169779286926995 0.386100386100386 0.377358490566038 0.303951367781155 0.595238095238095 0.657894736842105 0.632911392405063 0.335570469798658 0.561797752808989 0.662251655629139 0.259067357512953 0.584795321637427 0.33112582781457 0.609756097560976 0.65359477124183 0.191204588910134 0.224215246636771 0.260416666666667 0.220264317180617
"such a" 0.0757334183673469 0.0432419075858661 0 0.278551532033426 0 0 0 0 0 0 0 0 0 0 0 0 0.632911392405063 0 0 0 0 0 0 0 0 0.191204588910134 0.224215246636771 0 0
"tall and" 0.0677614795918367 0.055596738324685 0 0 0 0 0 0.442477876106195 0 0 0.169779286926995 0 0 0 0 0 0 0 0.561797752808989 0 0.259067357512953 0 0 0 0 0 0 0 0
"ansi ansicpg" 0.0039859693877551 0.00617741536940944 0.4149377593361 0.278551532033426 0.218340611353712 0.321543408360129 0.671140939597315 0.442477876106195 0.680272108843537 0.763358778625954 0.169779286926995 0.386100386100386 0.377358490566038 0.303951367781155 0.595238095238095 0.657894736842105 0.632911392405063 0.335570469798658 0.561797752808989 0.662251655629139 0.259067357512953 0.584795321637427 0.33112582781457 0.609756097560976 0.65359477124183 0.191204588910134 0.224215246636771 0.260416666666667 0.220264317180617
"ansicpg cocoartf" 0.0039859693877551 0.00617741536940944 0.4149377593361 0.278551532033426 0.218340611353712 0.321543408360129 0.671140939597315 0.442477876106195 0.680272108843537 0.763358778625954 0.169779286926995 0.386100386100386 0.377358490566038 0.303951367781155 0.595238095238095 0.657894736842105 0.632911392405063 0.335570469798658 0.561797752808989 0.662251655629139 0.259067357512953 0.584795321637427 0.33112582781457 0.609756097560976 0.65359477124183 0.191204588910134 0.224215246636771 0.260416666666667 0.220264317180617
"blue expandedcolortbl" 0.0039859693877551 0.00617741536940944 0.4149377593361 0.278551532033426 0.218340611353712 0.321543408360129 0.671140939597315 0.442477876106195 0.680272108843537 0.763358778625954 0.169779286926995 0.386100386100386 0.377358490566038 0.303951367781155 0.595238095238095 0.657894736842105 0.632911392405063 0.335570469798658 0.561797752808989 0.662251655629139 0.259067357512953 0.584795321637427 0.33112582781457 0.609756097560976 0.65359477124183 0.191204588910134 0.224215246636771 0.260416666666667 0.220264317180617
"cf expnd" 0.0039859693877551 0.00617741536940944 0.4149377593361 0.278551532033426 0.218340611353712 0.321543408360129 0.671140939597315 0.442477876106195 0.680272108843537 0.763358778625954 0.169779286926995 0.386100386100386 0.377358490566038 0.303951367781155 0.595238095238095 0.657894736842105 0.632911392405063 0.335570469798658 0.561797752808989 0.662251655629139 0.259067357512953 0.584795321637427 0.33112582781457 0.609756097560976 0.65359477124183 0.191204588910134 0.224215246636771 0.260416666666667 0.220264317180617
"cocoaplatform fonttbl" 0.0039859693877551 0.00617741536940944 0.4149377593361 0.278551532033426 0.218340611353712 0.321543408360129 0.671140939597315 0.442477876106195 0.680272108843537 0.763358778625954 0.169779286926995 0.386100386100386 0.377358490566038 0.303951367781155 0.595238095238095 0.657894736842105 0.632911392405063 0.335570469798658 0.561797752808989 0.662251655629139 0.259067357512953 0.584795321637427 0.33112582781457 0.609756097560976 0.65359477124183 0.191204588910134 0.224215246636771 0.260416666666667 0.220264317180617
"cocoartf cocoatextscaling" 0.0039859693877551 0.00617741536940944 0.4149377593361 0.278551532033426 0.218340611353712 0.321543408360129 0.671140939597315 0.442477876106195 0.680272108843537 0.763358778625954 0.169779286926995 0.386100386100386 0.377358490566038 0.303951367781155 0.595238095238095 0.657894736842105 0.632911392405063 0.335570469798658 0.561797752808989 0.662251655629139 0.259067357512953 0.584795321637427 0.33112582781457 0.609756097560976 0.65359477124183 0.191204588910134 0.224215246636771 0.260416666666667 0.220264317180617
"cocoatextscaling cocoaplatform" 0.0039859693877551 0.00617741536940944 0.4149377593361 0.278551532033426 0.218340611353712 0.321543408360129 0.671140939597315 0.442477876106195 0.680272108843537 0.763358778625954 0.169779286926995 0.386100386100386 0.377358490566038 0.303951367781155 0.595238095238095 0.657894736842105 0.632911392405063 0.335570469798658 0.561797752808989 0.662251655629139 0.259067357512953 0.584795321637427 0.33112582781457 0.609756097560976 0.65359477124183 0.191204588910134 0.224215246636771 0.260416666666667 0.220264317180617
"colortbl red" 0.0039859693877551 0.00617741536940944 0.4149377593361 0.278551532033426 0.218340611353712 0.321543408360129 0.671140939597315 0.442477876106195 0.680272108843537 0.763358778625954 0.169779286926995 0.386100386100386 0.377358490566038 0.303951367781155 0.595238095238095 0.657894736842105 0.632911392405063 0.335570469798658 0.561797752808989 0.662251655629139 0.259067357512953 0.584795321637427 0.33112582781457 0.609756097560976 0.65359477124183 0.191204588910134 0.224215246636771 0.260416666666667 0.220264317180617
"courier colortbl" 0.0039859693877551 0.00617741536940944 0.4149377593361 0.278551532033426 0.218340611353712 0.321543408360129 0.671140939597315 0.442477876106195 0.680272108843537 0.763358778625954 0.169779286926995 0.386100386100386 0.377358490566038 0.303951367781155 0.595238095238095 0.657894736842105 0.632911392405063 0.335570469798658 0.561797752808989 0.662251655629139 0.259067357512953 0.584795321637427 0.33112582781457 0.609756097560976 0.65359477124183 0.191204588910134 0.224215246636771 0.260416666666667 0.220264317180617
"deftab pard" 0.0039859693877551 0.00617741536940944 0.4149377593361 0.278551532033426 0.218340611353712 0.321543408360129 0.671140939597315 0.442477876106195 0.680272108843537 0.763358778625954 0.169779286926995 0.386100386100386 0.377358490566038 0.303951367781155 0.595238095238095 0.657894736842105 0.632911392405063 0.335570469798658 0.561797752808989 0.662251655629139 0.259067357512953 0.584795321637427 0.33112582781457 0.609756097560976 0.65359477124183 0.191204588910134 0.224215246636771 0.260416666666667 0.220264317180617
"expnd expndtw" 0.0039859693877551 0.00617741536940944 0.4149377593361 0.278551532033426 0.218340611353712 0.321543408360129 0.671140939597315 0.442477876106195 0.680272108843537 0.763358778625954 0.169779286926995 0.386100386100386 0.377358490566038 0.303951367781155 0.595238095238095 0.657894736842105 0.632911392405063 0.335570469798658 0.561797752808989 0.662251655629139 0.259067357512953 0.584795321637427 0.33112582781457 0.609756097560976 0.65359477124183 0.191204588910134 0.224215246636771 0.260416666666667 0.220264317180617
"expndtw kerning" 0.0039859693877551 0.00617741536940944 0.4149377593361 0.278551532033426 0.218340611353712 0.321543408360129 0.671140939597315 0.442477876106195 0.680272108843537 0.763358778625954 0.169779286926995 0.386100386100386 0.377358490566038 0.303951367781155 0.595238095238095 0.657894736842105 0.632911392405063 0.335570469798658 0.561797752808989 0.662251655629139 0.259067357512953 0.584795321637427 0.33112582781457 0.609756097560976 0.65359477124183 0.191204588910134 0.224215246636771 0.260416666666667 0.220264317180617
"f fmodern" 0.0039859693877551 0.00617741536940944 0.4149377593361 0.278551532033426 0.218340611353712 0.321543408360129 0.671140939597315 0.442477876106195 0.680272108843537 0.763358778625954 0.169779286926995 0.386100386100386 0.377358490566038 0.303951367781155 0.595238095238095 0.657894736842105 0.632911392405063 0.335570469798658 0.561797752808989 0.662251655629139 0.259067357512953 0.584795321637427 0.33112582781457 0.609756097560976 0.65359477124183 0.191204588910134 0.224215246636771 0.260416666666667 0.220264317180617
"f fs" 0.0039859693877551 0.00617741536940944 0.4149377593361 0.278551532033426 0.218340611353712 0.321543408360129 0.671140939597315 0.442477876106195 0.680272108843537 0.763358778625954 0.169779286926995 0.386100386100386 0.377358490566038 0.303951367781155 0.595238095238095 0.657894736842105 0.632911392405063 0.335570469798658 0.561797752808989 0.662251655629139 0.259067357512953 0.584795321637427 0.33112582781457 0.609756097560976 0.65359477124183 0.191204588910134 0.224215246636771 0.260416666666667 0.220264317180617
"fcharset courier" 0.0039859693877551 0.00617741536940944 0.4149377593361 0.278551532033426 0.218340611353712 0.321543408360129 0.671140939597315 0.442477876106195 0.680272108843537 0.763358778625954 0.169779286926995 0.386100386100386 0.377358490566038 0.303951367781155 0.595238095238095 0.657894736842105 0.632911392405063 0.335570469798658 0.561797752808989 0.662251655629139 0.259067357512953 0.584795321637427 0.33112582781457 0.609756097560976 0.65359477124183 0.191204588910134 0.224215246636771 0.260416666666667 0.220264317180617
"fmodern fcharset" 0.0039859693877551 0.00617741536940944 0.4149377593361 0.278551532033426 0.218340611353712 0.321543408360129 0.671140939597315 0.442477876106195 0.680272108843537 0.763358778625954 0.169779286926995 0.386100386100386 0.377358490566038 0.303951367781155 0.595238095238095 0.657894736842105 0.632911392405063 0.335570469798658 0.561797752808989 0.662251655629139 0.259067357512953 0.584795321637427 0.33112582781457 0.609756097560976 0.65359477124183 0.191204588910134 0.224215246636771 0.260416666666667 0.220264317180617
"fonttbl f" 0.0039859693877551 0.00617741536940944 0.4149377593361 0.278551532033426 0.218340611353712 0.321543408360129 0.671140939597315 0.442477876106195 0.680272108843537 0.763358778625954 0.169779286926995 0.386100386100386 0.377358490566038 0.303951367781155 0.595238095238095 0.657894736842105 0.632911392405063 0.335570469798658 0.561797752808989 0.662251655629139 0.259067357512953 0.584795321637427 0.33112582781457 0.609756097560976 0.65359477124183 0.191204588910134 0.224215246636771 0.260416666666667 0.220264317180617
"fs cf" 0.0039859693877551 0.00617741536940944 0.4149377593361 0.278551532033426 0.218340611353712 0.321543408360129 0.671140939597315 0.442477876106195 0.680272108843537 0.763358778625954 0.169779286926995 0.386100386100386 0.377358490566038 0.303951367781155 0.595238095238095 0.657894736842105 0.632911392405063 0.335570469798658 0.561797752808989 0.662251655629139 0.259067357512953 0.584795321637427 0.33112582781457 0.609756097560976 0.65359477124183 0.191204588910134 0.224215246636771 0.260416666666667 0.220264317180617
"margl margr" 0.0039859693877551 0.00617741536940944 0.4149377593361 0.278551532033426 0.218340611353712 0.321543408360129 0.671140939597315 0.442477876106195 0.680272108843537 0.763358778625954 0.169779286926995 0.386100386100386 0.377358490566038 0.303951367781155 0.595238095238095 0.657894736842105 0.632911392405063 0.335570469798658 0.561797752808989 0.662251655629139 0.259067357512953 0.584795321637427 0.33112582781457 0.609756097560976 0.65359477124183 0.191204588910134 0.224215246636771 0.260416666666667 0.220264317180617
"margr vieww" 0.0039859693877551 0.00617741536940944 0.4149377593361 0.278551532033426 0.218340611353712 0.321543408360129 0.671140939597315 0.442477876106195 0.680272108843537 0.763358778625954 0.169779286926995 0.386100386100386 0.377358490566038 0.303951367781155 0.595238095238095 0.657894736842105 0.632911392405063 0.335570469798658 0.561797752808989 0.662251655629139 0.259067357512953 0.584795321637427 0.33112582781457 0.609756097560976 0.65359477124183 0.191204588910134 0.224215246636771 0.260416666666667 0.220264317180617
"pard pardeftab" 0.0039859693877551 0.00617741536940944 0.4149377593361 0.278551532033426 0.218340611353712 0.321543408360129 0.671140939597315 0.442477876106195 0.680272108843537 0.763358778625954 0.169779286926995 0.386100386100386 0.377358490566038 0.303951367781155 0.595238095238095 0.657894736842105 0.632911392405063 0.335570469798658 0.561797752808989 0.662251655629139 0.259067357512953 0.584795321637427 0.33112582781457 0.609756097560976 0.65359477124183 0.191204588910134 0.224215246636771 0.260416666666667 0.220264317180617
"pardeftab partightenfactor" 0.0039859693877551 0.00617741536940944 0.4149377593361 0.278551532033426 0.218340611353712 0.321543408360129 0.671140939597315 0.442477876106195 0.680272108843537 0.763358778625954 0.169779286926995 0.386100386100386 0.377358490566038 0.303951367781155 0.595238095238095 0.657894736842105 0.632911392405063 0.335570469798658 0.561797752808989 0.662251655629139 0.259067357512953 0.584795321637427 0.33112582781457 0.609756097560976 0.65359477124183 0.191204588910134 0.224215246636771 0.260416666666667 0.220264317180617
"partightenfactor f" 0.0039859693877551 0.00617741536940944 0.4149377593361 0.278551532033426 0.218340611353712 0.321543408360129 0.671140939597315 0.442477876106195 0.680272108843537 0.763358778625954 0.169779286926995 0.386100386100386 0.377358490566038 0.303951367781155 0.595238095238095 0.657894736842105 0.632911392405063 0.335570469798658 0.561797752808989 0.662251655629139 0.259067357512953 0.584795321637427 0.33112582781457 0.609756097560976 0.65359477124183 0.191204588910134 0.224215246636771 0.260416666666667 0.220264317180617
"rtf ansi" 0.0039859693877551 0.00617741536940944 0.4149377593361 0.278551532033426 0.218340611353712 0.321543408360129 0.671140939597315 0.442477876106195 0.680272108843537 0.763358778625954 0.169779286926995 0.386100386100386 0.377358490566038 0.303951367781155 0.595238095238095 0.657894736842105 0.632911392405063 0.335570469798658 0.561797752808989 0.662251655629139 0.259067357512953 0.584795321637427 0.33112582781457 0.609756097560976 0.65359477124183 0.191204588910134 0.224215246636771 0.260416666666667 0.220264317180617
"viewh viewkind" 0.0039859693877551 0.00617741536940944 0.4149377593361 0.278551532033426 0.218340611353712 0.321543408360129 0.671140939597315 0.442477876106195 0.680272108843537 0.763358778625954 0.169779286926995 0.386100386100386 0.377358490566038 0.303951367781155 0.595238095238095 0.657894736842105 0.632911392405063 0.335570469798658 0.561797752808989 0.662251655629139 0.259067357512953 0.584795321637427 0.33112582781457 0.609756097560976 0.65359477124183 0.191204588910134 0.224215246636771 0.260416666666667 0.220264317180617
"viewkind deftab" 0.0039859693877551 0.00617741536940944 0.4149377593361 0.278551532033426 0.218340611353712 0.321543408360129 0.671140939597315 0.442477876106195 0.680272108843537 0.763358778625954 0.169779286926995 0.386100386100386 0.377358490566038 0.303951367781155 0.595238095238095 0.657894736842105 0.632911392405063 0.335570469798658 0.561797752808989 0.662251655629139 0.259067357512953 0.584795321637427 0.33112582781457 0.609756097560976 0.65359477124183 0.191204588910134 0.224215246636771 0.260416666666667 0.220264317180617
"vieww viewh" 0.0039859693877551 0.00617741536940944 0.4149377593361 0.278551532033426 0.218340611353712 0.321543408360129 0.671140939597315 0.442477876106195 0.680272108843537 0.763358778625954 0.169779286926995 0.386100386100386 0.377358490566038 0.303951367781155 0.595238095238095 0.657894736842105 0.632911392405063 0.335570469798658 0.561797752808989 0.662251655629139 0.259067357512953 0.584795321637427 0.33112582781457 0.609756097560976 0.65359477124183 0.191204588910134 0.224215246636771 0.260416666666667 0.220264317180617
"expandedcolortbl margl" 0.0039859693877551 0 0.4149377593361 0.278551532033426 0.218340611353712 0.321543408360129 0.671140939597315 0.442477876106195 0.680272108843537 0.763358778625954 0.169779286926995 0.386100386100386 0.377358490566038 0.303951367781155 0.595238095238095 0.657894736842105 0.632911392405063 0.335570469798658 0.561797752808989 0.662251655629139 0.259067357512953 0.584795321637427 0.33112582781457 0.609756097560976 0.65359477124183 0.191204588910134 0.224215246636771 0.260416666666667 0.220264317180617
"of venus" 0.0518176020408163 0.0679515690635038 0 0 0 0 0.671140939597315 0 0 0 0 0 0 0 0 0 0.632911392405063 0.335570469798658 0 0 0 0 0 0 0 0 0.224215246636771 0 0
"n no" 0.0717474489795918 0.0308870768470472 0 0 0 0 0 0 0 0 0 0 0.377358490566038 0 0 0 0.632911392405063 0 0 0 0 0 0.33112582781457 0.609756097560976 0 0 0 0 0
"of pleasure" 0.0518176020408163 0.0494193229552755 0 0 0.218340611353712 0 0 0 0 0 0 0.386100386100386 0 0.303951367781155 0 0 0 0 0 0 0 0 0.33112582781457 0 0 0 0 0 0.220264317180617
"her charms" 0.0478316326530612 0.0370644922164566 0 0.557103064066852 0 0 0 0 0 0 0 0.386100386100386 0 0 0 0.657894736842105 0 0.335570469798658 0 0 0 0 0 0 0 0.191204588910134 0 0 0
"the town" 0.0518176020408163 0.0370644922164566 0 0 0 0 0 0 0 0.763358778625954 0 0 0 0 0 0 0 0.335570469798658 0 0 0 0 0 0 0 0 0.224215246636771 0 0.440528634361233
"from her" 0.039859693877551 0.055596738324685 0 0.278551532033426 0 0 0 0 0 0 0 0 0 0.303951367781155 0 0.657894736842105 0 0 0 0 0 0.584795321637427 0 0 0 0 0 0 0
"of all" 0.0518176020408163 0.0185322461082283 0 0 0.436681222707424 0 0 0 0 0 0.33955857385399 0 0 0 0 0 0 0.335570469798658 0 0 0 0 0 0 0 0 0 0.520833333333333 0
"she does" 0.0597895408163265 0.0123548307388189 0 0.278551532033426 0 0 0 0.442477876106195 0 0 0 0 0 0 0 0 0 0 0 0 0 0.584795321637427 0 0 0.65359477124183 0 0 0.520833333333333 0
"the heart" 0.0637755102040816 0.0185322461082283 0 0.278551532033426 0.218340611353712 0.321543408360129 0.671140939597315 0 0 0 0 0 0 0 0 0 0 0 0 0 0 0 0 0 0 0 0 0 0
"for she" 0.0478316326530612 0.0308870768470472 0 0 0 0 0 0 0 0 0.33955857385399 0 0 0 0 0 0 0 0 0 0 0.584795321637427 0 0 0 0.191204588910134 0 0 0.220264317180617
"is so" 0.0637755102040816 0.00617741536940944 0.829875518672199 0 0 0 0 0 0 0 0.169779286926995 0 0 0 0.595238095238095 0 0 0 0 0 0 0 0.33112582781457 0 0 0 0 0 0
"that the" 0.0478316326530612 0.0370644922164566 0.4149377593361 0 0.218340611353712 0 0 0 0 0 0.169779286926995 0 0 0 0 0 0 0 0 0 0 0 0 0 0 0.191204588910134 0 0 0
"is tall" 0.039859693877551 0.0432419075858661 0 0 0 0 0 0.442477876106195 0 0 0.169779286926995 0.386100386100386 0 0 0 0 0 0 0.561797752808989 0 0 0 0 0 0 0 0 0 0
"kerning miss" 0 0 0.4149377593361 0.278551532033426 0.218340611353712 0.321543408360129 0.671140939597315 0.442477876106195 0.680272108843537 0.763358778625954 0.169779286926995 0.386100386100386 0.377358490566038 0.303951367781155 0.595238095238095 0.657894736842105 0.632911392405063 0.335570469798658 0.561797752808989 0.662251655629139 0 0.584795321637427 0.33112582781457 0.609756097560976 0 0 0 0 0
"not the" 0.039859693877551 0.0432419075858661 0 0 0 0.321543408360129 0 0 0 0 0 0 0 0.303951367781155 0 0 0 0 0 0 0 0 0.33112582781457 0 0 0 0 0.260416666666667 0
"pair of" 0.0518176020408163 0.0185322461082283 0.4149377593361 0 0 0.321543408360129 0 0 0 0 0 0 0 0 0 0 0 0 0 0 0 0 0 0.609756097560976 0 0.191204588910134 0 0 0.220264317180617
"to take" 0.0597895408163265 0.0123548307388189 0 0 0.218340611353712 0 0 0 0 0 0 0 0.377358490566038 0 0 0 0 0 0.561797752808989 0 0 0 0 0 0 0.191204588910134 0 0 0
"in all" 0.0518176020408163 0.0185322461082283 0 0 0 0.321543408360129 0 0 0.680272108843537 0 0 0 0 0 0 0 0 0.335570469798658 0 0 0.259067357512953 0 0 0 0 0 0 0 0
"the least" 0.0478316326530612 0.0247096614776378 0 0.278551532033426 0 0 0 0 0 0 0 0 0 0.303951367781155 0 0 0 0 0 0 0 0 0.33112582781457 0 0 0 0 0.260416666666667 0
"a pair" 0.0478316326530612 0.0123548307388189 0.4149377593361 0 0 0.321543408360129 0 0 0 0 0 0 0 0 0 0 0 0 0 0 0 0 0 0.609756097560976 0 0.191204588910134 0 0 0.220264317180617
"the amorous" 0.0438456632653061 0.0123548307388189 0 0.278551532033426 0 0 0.671140939597315 0 0.680272108843537 0 0 0 0 0 0 0 0 0.335570469798658 0 0 0 0 0.33112582781457 0 0 0 0 0 0.220264317180617
"her temper" 0.0438456632653061 0.0123548307388189 0 0 0 0 0 0 0 0 0 0 0.377358490566038 0 0.595238095238095 0 0 0 0 0 0 0 0 0 0.65359477124183 0.191204588910134 0.224215246636771 0 0
