"Harris_1788A.rtf" "Harris_1793.rtf" "MissBetsyClrke_1788.rtf" "MissBetsyHdsn_1788.rtf" "MissBlke_1788.rtf" "MissBnd_1788.rtf" "MissBrn_1788.rtf" "MissBrwn_1788.rtf" "MissClnton_1788.rtf" "MissDglss_1788.rtf" "MissDvnprt_1788.rtf" "MissGrge_1788.rtf" "MissGrn_1788.rtf" "MissHarrietJns_1788.rtf" "MissHllnd_1788.rtf" "MissHrdy_1788.rtf" "MissJnsn_1788.rtf" "MissKn_1788.rtf" "MissLcs_1788.rtf" "MissLnsy_1788.rtf" "MissLstr_1788.rtf" "MissLvr_1788.rtf" "MissMntn_1788.rtf" "MissRchrdsn_1788.rtf" "MissTrbt_1788.rtf" "MrsCrsby_1788.rtf" "MrsDd_1788.rtf" "MrsDfld_1788.rtf" "MrsHrvy_1788.rtf"
"she is" 0.633769132653061 0.747467259698542 0.829875518672199 0.278551532033426 0.436681222707424 0.643086816720257 0.671140939597315 0.884955752212389 1.36054421768707 2.29007633587786 0.509337860780985 0.772200772200772 0.754716981132076 0.303951367781155 1.19047619047619 0.657894736842105 0.632911392405063 0.671140939597315 1.68539325842697 1.32450331125828 0 0 0.33112582781457 1.21951219512195 0.65359477124183 0.382409177820268 0.448430493273543 0.520833333333333 0
"of the" 0.60188137755102 0.555967383246849 0 0.278551532033426 0.873362445414847 0.643086816720257 0.671140939597315 0.442477876106195 0.680272108843537 1.52671755725191 0.848896434634975 0.772200772200772 0.377358490566038 0 0 0.657894736842105 0 0.671140939597315 0 0.662251655629139 0.259067357512953 0.584795321637427 0.33112582781457 0 1.30718954248366 0.573613766730402 0.896860986547085 0.260416666666667 0.220264317180617
"in the" 0.438456632653061 0.506548060291574 0.829875518672199 0.278551532033426 0.218340611353712 0.321543408360129 2.01342281879195 0.884955752212389 0 0.763358778625954 0.33955857385399 0 0.377358490566038 0.303951367781155 0 0 1.26582278481013 0.671140939597315 0 1.32450331125828 0.77720207253886 0 0 0 0 0.573613766730402 0.896860986547085 0.260416666666667 1.10132158590308
"green blue" 0.0039859693877551 0.0123548307388189 0.4149377593361 0.278551532033426 0.218340611353712 0.321543408360129 0.671140939597315 0.442477876106195 0.680272108843537 0.763358778625954 0.169779286926995 0.386100386100386 0.377358490566038 0.303951367781155 0.595238095238095 0.657894736842105 0.632911392405063 0.335570469798658 0.561797752808989 0.662251655629139 0.259067357512953 0.584795321637427 0.33112582781457 0.609756097560976 0.65359477124183 0.191204588910134 0.224215246636771 0.260416666666667 0.220264317180617
"red green" 0.0039859693877551 0.0123548307388189 0.4149377593361 0.278551532033426 0.218340611353712 0.321543408360129 0.671140939597315 0.442477876106195 0.680272108843537 0.763358778625954 0.169779286926995 0.386100386100386 0.377358490566038 0.303951367781155 0.595238095238095 0.657894736842105 0.632911392405063 0.335570469798658 0.561797752808989 0.662251655629139 0.259067357512953 0.584795321637427 0.33112582781457 0.609756097560976 0.65359477124183 0.191204588910134 0.224215246636771 0.260416666666667 0.220264317180617
"ansi ansicpg" 0.0039859693877551 0.00617741536940944 0.4149377593361 0.278551532033426 0.218340611353712 0.321543408360129 0.671140939597315 0.442477876106195 0.680272108843537 0.763358778625954 0.169779286926995 0.386100386100386 0.377358490566038 0.303951367781155 0.595238095238095 0.657894736842105 0.632911392405063 0.335570469798658 0.561797752808989 0.662251655629139 0.259067357512953 0.584795321637427 0.33112582781457 0.609756097560976 0.65359477124183 0.191204588910134 0.224215246636771 0.260416666666667 0.220264317180617
"ansicpg cocoartf" 0.0039859693877551 0.00617741536940944 0.4149377593361 0.278551532033426 0.218340611353712 0.321543408360129 0.671140939597315 0.442477876106195 0.680272108843537 0.763358778625954 0.169779286926995 0.386100386100386 0.377358490566038 0.303951367781155 0.595238095238095 0.657894736842105 0.632911392405063 0.335570469798658 0.561797752808989 0.662251655629139 0.259067357512953 0.584795321637427 0.33112582781457 0.609756097560976 0.65359477124183 0.191204588910134 0.224215246636771 0.260416666666667 0.220264317180617
"blue expandedcolortbl" 0.0039859693877551 0.00617741536940944 0.4149377593361 0.278551532033426 0.218340611353712 0.321543408360129 0.671140939597315 0.442477876106195 0.680272108843537 0.763358778625954 0.169779286926995 0.386100386100386 0.377358490566038 0.303951367781155 0.595238095238095 0.657894736842105 0.632911392405063 0.335570469798658 0.561797752808989 0.662251655629139 0.259067357512953 0.584795321637427 0.33112582781457 0.609756097560976 0.65359477124183 0.191204588910134 0.224215246636771 0.260416666666667 0.220264317180617
"cf expnd" 0.0039859693877551 0.00617741536940944 0.4149377593361 0.278551532033426 0.218340611353712 0.321543408360129 0.671140939597315 0.442477876106195 0.680272108843537 0.763358778625954 0.169779286926995 0.386100386100386 0.377358490566038 0.303951367781155 0.595238095238095 0.657894736842105 0.632911392405063 0.335570469798658 0.561797752808989 0.662251655629139 0.259067357512953 0.584795321637427 0.33112582781457 0.609756097560976 0.65359477124183 0.191204588910134 0.224215246636771 0.260416666666667 0.220264317180617
"cocoaplatform fonttbl" 0.0039859693877551 0.00617741536940944 0.4149377593361 0.278551532033426 0.218340611353712 0.321543408360129 0.671140939597315 0.442477876106195 0.680272108843537 0.763358778625954 0.169779286926995 0.386100386100386 0.377358490566038 0.303951367781155 0.595238095238095 0.657894736842105 0.632911392405063 0.335570469798658 0.561797752808989 0.662251655629139 0.259067357512953 0.584795321637427 0.33112582781457 0.609756097560976 0.65359477124183 0.191204588910134 0.224215246636771 0.260416666666667 0.220264317180617
"cocoartf cocoatextscaling" 0.0039859693877551 0.00617741536940944 0.4149377593361 0.278551532033426 0.218340611353712 0.321543408360129 0.671140939597315 0.442477876106195 0.680272108843537 0.763358778625954 0.169779286926995 0.386100386100386 0.377358490566038 0.303951367781155 0.595238095238095 0.657894736842105 0.632911392405063 0.335570469798658 0.561797752808989 0.662251655629139 0.259067357512953 0.584795321637427 0.33112582781457 0.609756097560976 0.65359477124183 0.191204588910134 0.224215246636771 0.260416666666667 0.220264317180617
"cocoatextscaling cocoaplatform" 0.0039859693877551 0.00617741536940944 0.4149377593361 0.278551532033426 0.218340611353712 0.321543408360129 0.671140939597315 0.442477876106195 0.680272108843537 0.763358778625954 0.169779286926995 0.386100386100386 0.377358490566038 0.303951367781155 0.595238095238095 0.657894736842105 0.632911392405063 0.335570469798658 0.561797752808989 0.662251655629139 0.259067357512953 0.584795321637427 0.33112582781457 0.609756097560976 0.65359477124183 0.191204588910134 0.224215246636771 0.260416666666667 0.220264317180617
"colortbl red" 0.0039859693877551 0.00617741536940944 0.4149377593361 0.278551532033426 0.218340611353712 0.321543408360129 0.671140939597315 0.442477876106195 0.680272108843537 0.763358778625954 0.169779286926995 0.386100386100386 0.377358490566038 0.303951367781155 0.595238095238095 0.657894736842105 0.632911392405063 0.335570469798658 0.561797752808989 0.662251655629139 0.259067357512953 0.584795321637427 0.33112582781457 0.609756097560976 0.65359477124183 0.191204588910134 0.224215246636771 0.260416666666667 0.220264317180617
"courier colortbl" 0.0039859693877551 0.00617741536940944 0.4149377593361 0.278551532033426 0.218340611353712 0.321543408360129 0.671140939597315 0.442477876106195 0.680272108843537 0.763358778625954 0.169779286926995 0.386100386100386 0.377358490566038 0.303951367781155 0.595238095238095 0.657894736842105 0.632911392405063 0.335570469798658 0.561797752808989 0.662251655629139 0.259067357512953 0.584795321637427 0.33112582781457 0.609756097560976 0.65359477124183 0.191204588910134 0.224215246636771 0.260416666666667 0.220264317180617
"deftab pard" 0.0039859693877551 0.00617741536940944 0.4149377593361 0.278551532033426 0.218340611353712 0.321543408360129 0.671140939597315 0.442477876106195 0.680272108843537 0.763358778625954 0.169779286926995 0.386100386100386 0.377358490566038 0.303951367781155 0.595238095238095 0.657894736842105 0.632911392405063 0.335570469798658 0.561797752808989 0.662251655629139 0.259067357512953 0.584795321637427 0.33112582781457 0.609756097560976 0.65359477124183 0.191204588910134 0.224215246636771 0.260416666666667 0.220264317180617
"expnd expndtw" 0.0039859693877551 0.00617741536940944 0.4149377593361 0.278551532033426 0.218340611353712 0.321543408360129 0.671140939597315 0.442477876106195 0.680272108843537 0.763358778625954 0.169779286926995 0.386100386100386 0.377358490566038 0.303951367781155 0.595238095238095 0.657894736842105 0.632911392405063 0.335570469798658 0.561797752808989 0.662251655629139 0.259067357512953 0.584795321637427 0.33112582781457 0.609756097560976 0.65359477124183 0.191204588910134 0.224215246636771 0.260416666666667 0.220264317180617
"expndtw kerning" 0.0039859693877551 0.00617741536940944 0.4149377593361 0.278551532033426 0.218340611353712 0.321543408360129 0.671140939597315 0.442477876106195 0.680272108843537 0.763358778625954 0.169779286926995 0.386100386100386 0.377358490566038 0.303951367781155 0.595238095238095 0.657894736842105 0.632911392405063 0.335570469798658 0.561797752808989 0.662251655629139 0.259067357512953 0.584795321637427 0.33112582781457 0.609756097560976 0.65359477124183 0.191204588910134 0.224215246636771 0.260416666666667 0.220264317180617
"f fmodern" 0.0039859693877551 0.00617741536940944 0.4149377593361 0.278551532033426 0.218340611353712 0.321543408360129 0.671140939597315 0.442477876106195 0.680272108843537 0.763358778625954 0.169779286926995 0.386100386100386 0.377358490566038 0.303951367781155 0.595238095238095 0.657894736842105 0.632911392405063 0.335570469798658 0.561797752808989 0.662251655629139 0.259067357512953 0.584795321637427 0.33112582781457 0.609756097560976 0.65359477124183 0.191204588910134 0.224215246636771 0.260416666666667 0.220264317180617
"f fs" 0.0039859693877551 0.00617741536940944 0.4149377593361 0.278551532033426 0.218340611353712 0.321543408360129 0.671140939597315 0.442477876106195 0.680272108843537 0.763358778625954 0.169779286926995 0.386100386100386 0.377358490566038 0.303951367781155 0.595238095238095 0.657894736842105 0.632911392405063 0.335570469798658 0.561797752808989 0.662251655629139 0.259067357512953 0.584795321637427 0.33112582781457 0.609756097560976 0.65359477124183 0.191204588910134 0.224215246636771 0.260416666666667 0.220264317180617
"fcharset courier" 0.0039859693877551 0.00617741536940944 0.4149377593361 0.278551532033426 0.218340611353712 0.321543408360129 0.671140939597315 0.442477876106195 0.680272108843537 0.763358778625954 0.169779286926995 0.386100386100386 0.377358490566038 0.303951367781155 0.595238095238095 0.657894736842105 0.632911392405063 0.335570469798658 0.561797752808989 0.662251655629139 0.259067357512953 0.584795321637427 0.33112582781457 0.609756097560976 0.65359477124183 0.191204588910134 0.224215246636771 0.260416666666667 0.220264317180617
"fmodern fcharset" 0.0039859693877551 0.00617741536940944 0.4149377593361 0.278551532033426 0.218340611353712 0.321543408360129 0.671140939597315 0.442477876106195 0.680272108843537 0.763358778625954 0.169779286926995 0.386100386100386 0.377358490566038 0.303951367781155 0.595238095238095 0.657894736842105 0.632911392405063 0.335570469798658 0.561797752808989 0.662251655629139 0.259067357512953 0.584795321637427 0.33112582781457 0.609756097560976 0.65359477124183 0.191204588910134 0.224215246636771 0.260416666666667 0.220264317180617
"fonttbl f" 0.0039859693877551 0.00617741536940944 0.4149377593361 0.278551532033426 0.218340611353712 0.321543408360129 0.671140939597315 0.442477876106195 0.680272108843537 0.763358778625954 0.169779286926995 0.386100386100386 0.377358490566038 0.303951367781155 0.595238095238095 0.657894736842105 0.632911392405063 0.335570469798658 0.561797752808989 0.662251655629139 0.259067357512953 0.584795321637427 0.33112582781457 0.609756097560976 0.65359477124183 0.191204588910134 0.224215246636771 0.260416666666667 0.220264317180617
"fs cf" 0.0039859693877551 0.00617741536940944 0.4149377593361 0.278551532033426 0.218340611353712 0.321543408360129 0.671140939597315 0.442477876106195 0.680272108843537 0.763358778625954 0.169779286926995 0.386100386100386 0.377358490566038 0.303951367781155 0.595238095238095 0.657894736842105 0.632911392405063 0.335570469798658 0.561797752808989 0.662251655629139 0.259067357512953 0.584795321637427 0.33112582781457 0.609756097560976 0.65359477124183 0.191204588910134 0.224215246636771 0.260416666666667 0.220264317180617
"margl margr" 0.0039859693877551 0.00617741536940944 0.4149377593361 0.278551532033426 0.218340611353712 0.321543408360129 0.671140939597315 0.442477876106195 0.680272108843537 0.763358778625954 0.169779286926995 0.386100386100386 0.377358490566038 0.303951367781155 0.595238095238095 0.657894736842105 0.632911392405063 0.335570469798658 0.561797752808989 0.662251655629139 0.259067357512953 0.584795321637427 0.33112582781457 0.609756097560976 0.65359477124183 0.191204588910134 0.224215246636771 0.260416666666667 0.220264317180617
"margr vieww" 0.0039859693877551 0.00617741536940944 0.4149377593361 0.278551532033426 0.218340611353712 0.321543408360129 0.671140939597315 0.442477876106195 0.680272108843537 0.763358778625954 0.169779286926995 0.386100386100386 0.377358490566038 0.303951367781155 0.595238095238095 0.657894736842105 0.632911392405063 0.335570469798658 0.561797752808989 0.662251655629139 0.259067357512953 0.584795321637427 0.33112582781457 0.609756097560976 0.65359477124183 0.191204588910134 0.224215246636771 0.260416666666667 0.220264317180617
"pard pardeftab" 0.0039859693877551 0.00617741536940944 0.4149377593361 0.278551532033426 0.218340611353712 0.321543408360129 0.671140939597315 0.442477876106195 0.680272108843537 0.763358778625954 0.169779286926995 0.386100386100386 0.377358490566038 0.303951367781155 0.595238095238095 0.657894736842105 0.632911392405063 0.335570469798658 0.561797752808989 0.662251655629139 0.259067357512953 0.584795321637427 0.33112582781457 0.609756097560976 0.65359477124183 0.191204588910134 0.224215246636771 0.260416666666667 0.220264317180617
"pardeftab partightenfactor" 0.0039859693877551 0.00617741536940944 0.4149377593361 0.278551532033426 0.218340611353712 0.321543408360129 0.671140939597315 0.442477876106195 0.680272108843537 0.763358778625954 0.169779286926995 0.386100386100386 0.377358490566038 0.303951367781155 0.595238095238095 0.657894736842105 0.632911392405063 0.335570469798658 0.561797752808989 0.662251655629139 0.259067357512953 0.584795321637427 0.33112582781457 0.609756097560976 0.65359477124183 0.191204588910134 0.224215246636771 0.260416666666667 0.220264317180617
"partightenfactor f" 0.0039859693877551 0.00617741536940944 0.4149377593361 0.278551532033426 0.218340611353712 0.321543408360129 0.671140939597315 0.442477876106195 0.680272108843537 0.763358778625954 0.169779286926995 0.386100386100386 0.377358490566038 0.303951367781155 0.595238095238095 0.657894736842105 0.632911392405063 0.335570469798658 0.561797752808989 0.662251655629139 0.259067357512953 0.584795321637427 0.33112582781457 0.609756097560976 0.65359477124183 0.191204588910134 0.224215246636771 0.260416666666667 0.220264317180617
"rtf ansi" 0.0039859693877551 0.00617741536940944 0.4149377593361 0.278551532033426 0.218340611353712 0.321543408360129 0.671140939597315 0.442477876106195 0.680272108843537 0.763358778625954 0.169779286926995 0.386100386100386 0.377358490566038 0.303951367781155 0.595238095238095 0.657894736842105 0.632911392405063 0.335570469798658 0.561797752808989 0.662251655629139 0.259067357512953 0.584795321637427 0.33112582781457 0.609756097560976 0.65359477124183 0.191204588910134 0.224215246636771 0.260416666666667 0.220264317180617
"viewh viewkind" 0.0039859693877551 0.00617741536940944 0.4149377593361 0.278551532033426 0.218340611353712 0.321543408360129 0.671140939597315 0.442477876106195 0.680272108843537 0.763358778625954 0.169779286926995 0.386100386100386 0.377358490566038 0.303951367781155 0.595238095238095 0.657894736842105 0.632911392405063 0.335570469798658 0.561797752808989 0.662251655629139 0.259067357512953 0.584795321637427 0.33112582781457 0.609756097560976 0.65359477124183 0.191204588910134 0.224215246636771 0.260416666666667 0.220264317180617
"viewkind deftab" 0.0039859693877551 0.00617741536940944 0.4149377593361 0.278551532033426 0.218340611353712 0.321543408360129 0.671140939597315 0.442477876106195 0.680272108843537 0.763358778625954 0.169779286926995 0.386100386100386 0.377358490566038 0.303951367781155 0.595238095238095 0.657894736842105 0.632911392405063 0.335570469798658 0.561797752808989 0.662251655629139 0.259067357512953 0.584795321637427 0.33112582781457 0.609756097560976 0.65359477124183 0.191204588910134 0.224215246636771 0.260416666666667 0.220264317180617
"vieww viewh" 0.0039859693877551 0.00617741536940944 0.4149377593361 0.278551532033426 0.218340611353712 0.321543408360129 0.671140939597315 0.442477876106195 0.680272108843537 0.763358778625954 0.169779286926995 0.386100386100386 0.377358490566038 0.303951367781155 0.595238095238095 0.657894736842105 0.632911392405063 0.335570469798658 0.561797752808989 0.662251655629139 0.259067357512953 0.584795321637427 0.33112582781457 0.609756097560976 0.65359477124183 0.191204588910134 0.224215246636771 0.260416666666667 0.220264317180617
"expandedcolortbl margl" 0.0039859693877551 0 0.4149377593361 0.278551532033426 0.218340611353712 0.321543408360129 0.671140939597315 0.442477876106195 0.680272108843537 0.763358778625954 0.169779286926995 0.386100386100386 0.377358490566038 0.303951367781155 0.595238095238095 0.657894736842105 0.632911392405063 0.335570469798658 0.561797752808989 0.662251655629139 0.259067357512953 0.584795321637427 0.33112582781457 0.609756097560976 0.65359477124183 0.191204588910134 0.224215246636771 0.260416666666667 0.220264317180617
"kerning miss" 0 0 0.4149377593361 0.278551532033426 0.218340611353712 0.321543408360129 0.671140939597315 0.442477876106195 0.680272108843537 0.763358778625954 0.169779286926995 0.386100386100386 0.377358490566038 0.303951367781155 0.595238095238095 0.657894736842105 0.632911392405063 0.335570469798658 0.561797752808989 0.662251655629139 0 0.584795321637427 0.33112582781457 0.609756097560976 0 0 0 0 0
